$ANSIBLE_VAULT;1.1;AES256
38363266336130346231373531376331366332383065323565333433646531383466633030366166
3134396161373732643062393037343534316163313638340a373935393239356537643238386339
63333635346334363739303162323731333832636366363436383461666336623733386234316566
3965366334613131330a363161333832646538306366396264363836313935613265633031376438
39393132396633303233363838323966363938393031616438316164653237313061656566343431
35663838336435633331336362383132626633643335613361623061393536653166303735646634
37363961613364353336643835343664353130333265346539623831363233333166383638313936
37663032393365386539366435653535663730373539326333353261373564383764333836353633
64343566393931646533326230396334633738636534356162633365333536633933656465393661
64616536656436356662376362323337323431663761623133633061616434346337363066393161
36383736366566313534313436373466343163633464386163663539643636353830613537333265
30326331303137326338396365326433343138363930633234663037373730656366353564313430
35656263653035656461633664613039323764623135653039616135366431313332663532666465
31633265393035376431663436376361656666306636633564613834663239343531346165366137
37393830623339326338343239303062633265343835326261643237336561656566303836323163
39643366306635313364336634386334653465616661363933646364646563373133633230306361
34396337316632643138386130653630356434646235373731613934393733613162343233373965
66353738393561393330313036376230316461373830316432383934646535323065393331643061
39323738356136303165353139306531333932356135323964373663633663303964333539666364
34633266363563323730656130653933323139306263663638666330623061363033343234303166
36643834333630343934666639316166366634373133643337333261363833393033653464383236
38636661376335613765626237323761616639643832363262376338313765633661336334363234
38306163303265303630646466326132346334643562366239613434636433336530626232636635
64653735363963393639663138613331333061663631646235646566336236306431366265363930
64396639373061343530623338333034656561653435633933613666333564343632396662653736
33636439616164326130373533343034396239363666623632666231346461393061366330653363
62306630613235623530383239653264636538316239376339306263653063306135666132313665
32303437393330333039343532313661393837333231393161366663313634623132396262633639
35613335346432623563373663666130373966383038396334643033396665393263643862366434
62633264353738653063343964313966616663346430396133666437633234333038633533333865
63386636343430343363323531376161616135613236323135386635366539613930313838666363
64353439393163366562333834313838366235393666376163376264303232346635313231626133
64656264343966626630343262643134316133326232343430393538353236633131643664656234
63383364396665613265343538353462653664383162373162396134303864383536373134323735
61373239383839656163373639316162623764313963386637373334643639366431616662363239
61386634636138663332313638393432346466636537613536633766626365643232623232313061
30343833333838373565653039613665653537393835656133316238653938313736643963363034
38653036313930313536613266656239363639393134613635343332653834366337646337623831
30346338666536333966353233633766316135663736303038666436633663346230393066346139
39626263656134353835633162386437376634653632323931613837336362393263666131626261
34663662313163613031333333366635356362623636643235396461303433313738663033346266
37383631363637663465323739343831393639386464626434313633383830396363323130343939
36376331613335626163393063363338363230633435376539316538626435373334363234396264
62383233313735656339623262623631363837333165393964613634353535643336616164386438
34633734643964653031323430353338383838393635633264613837333865353533653765613130
66396132316539646238303161663262643039323734333861323636353436396336666338396234
37333335396639376666353636653439383166303139663662623066323132636365393065633831
36666466616164376162636663643966336162326164376436356430306331626434336265636439
32396438336538626632396262366466373338353265376636626463333762613366316437643935
66643436383862386230366631346337613663353261313035313965663130313832393234306333
61626362393634343134343833373262663837333035643065396639356530303638343361346265
39303135613632323033393939306365613038663837343261393338616562323831656335653039
63376461623231326139623734376131653035353063366566346465383063653063373439396632
36373530346339303834383533323938623832613832643962323533373962386534343866393166
63663663613065613062353435663932636266313931663962353437623930316630336162393639
31303931623230386462616231383561333664626133343830373564613335363261366461633864
32636666663538643564343839373035376330383161616632373331616461396634346536333335
64616265353561626362373230393231623934356161303165306663613233393134336261663339
62623135303137323631373264323665623861366663666665306138373134366530313038626465
34643938333963643766666263623364336564313038666133323637663865303834393561366136
66313265656431333436653066653032643733306237303331376435313033323231633765613238
64313337393038313163343433343838663335343664343566633336646337303466663537326130
64366366626439343435386463356664343361326237653835376436626366333836393364363866
62643936376366353435373765393463636666643831643835666232316133333163363432626465
62633464656330396361366233313937646631326639626336613638663363623434626435636432
32346239313965393666333838316166663961636461646231376365373534363231316634316332
37363263303566396562386636313534316465663233356133383265333866343035623962343738
65346535333934393432643533623037643937333933373232393464376632366335306236616537
33363937633032306561386535373737313738313733373638316537613439636639393136646335
62616164663836353362383631316337353434356132366161333434346263343362306536386639
31656333336132613336306364313832313062633366633032393037326334356665346462326463
35333031653863336566356333376566313865363532373262356332313366393434353639613965
64386661313238383438386565383233363136626131653161396466366430613635303938333561
62633466626161633336353034313633383761643137313732376334353037663339386532633836
37333632313637306637663336346234363537363264396231656231646239333939323639336231
64663466373935323862656261383833323030373561333966633438306562326338353766376236
36626538373638656339626463346666313839343662613465363261313164666464633762393135
33396166303938623835393231343636393366313138623938636539666233366435613562653963
61373138643638383866626331316232366336333265633833373036346235383166643066653538
66633164396536303966646332373262633230616331363738633562313434386131613231313864
62313338623136306533353261383130383831396464323138386530613039613665396331393132
63623132393837333136386366366566323836303136353338653062653730393761313637366130
32623937303434386462343466393261613539376139643763353966386533306433666633376532
37376662336663373231386637313037386332656630646130393031653437633663363833343864
35616234396338326666393363303532376234386363393965653461376637376434396564626431
33626137356664623031373766333639663962353765313034386662643137306234396363613466
65386630346263376162346632643131643234306239386162386333353962356632323061663464
31323466626436663135613162643762303237366163343036393436613230653535383636633531
39663930316439643737353438353631393261303132623335643066323463336630666464626632
63616430353034356231613763633231346436633864643564383364633131303065613863613166
63326637336633333463613066333266393930306563313563633632653836363463336630646236
65376135666162613534373938373065393835353266613862633365353262376639666533656231
34376463363934613833326164353963323365643139393936336163383232643732626631333165
30363131306431366535346438336132343937313834393266616537346564316564663632336638
63616665346362626663646363633161303931306166363863313339353138366565623737633065
63646539626230326663646234393236613036383235636564346137643631323461373335396437
39343438356635666633653531323632393531323963626439396134386164306230656137303766
30376262656262333431386564363766626433343438633837393338656530656236616538616434
32323132363235343330613233303163613639323637623936636266303030656465623638376537
35623038326536316239386234646534396161336230376331656137303938316237626636343130
35316630643933623837303833393534383864636635356237393932313230663061653834616636
37363139306637383164663530313635646564306266643236343736326337393838626336333539
62656666343430316534326365613262373137303966333439373936303964356363313037366562
35333630353634613830613531656532306161646463623131393064343134393764393636316531
66613863366337363330326536666235373635643538666237316233386539303530306332633964
36363465663339363463326264333165636533653930303835363464316437353337633461353061
34346336396563613032633238626330366532663939613464323937323034336334616430356331
39333065393437353662613930363435656234313339363132616564663866386538323837656465
35323031656134366638663934333166323537373434313238333365663034613532393762653639
30613730636139306264313063656466383538353634343731626132306161373630313637653464
36326165313833616264626364343239333839363463363966363164366264363539346361306433
36663136626264653530353531643164313436633639616361336131623133336662663932653832
36656132343261393561333833346237663062326237343837363937376537366231366561393066
64303863353563313032303938336534383762396464613062636365623735663930326234353938
64383035386633366334376432323036393764396339663834396139643963303363353466323331
63626135363363663431326333373336653066326539613533343762643535373939386631363032
62616463353938333162316564353566333963613130656630346561306365333437306539643931
36616132373732623330306638373964313664626264653564313230383763383364313636353464
36623733633139303334353630303432663833313262343361303236353331356630343130653332
31623631343232383431343035623231356333393861366366636431623666326136343330363931
32643135623861646664613037363066383966383131666464343062336561663132353762396137
32396333313937323762656135306538633033356337363565323465343461383461643066376130
38316262326463336636326135643437666563303731303239396161353838386336643936366130
62363239373463633631633964633436323636333339663231306435393430653632366262303363
62336535393363336164646364326262646435306436373737386564616266363332663064386162
34323732373839633534633661313830343637313162383139353063363436626130386337666237
33326535616661666664353065316630393231656562313561303965636338356538653439643137
36313636313638616630303338366361373366313862333665333964666630376339646238383931
32336166666630343536646635626434363034376335623566346363636664353533326239643564
33656530303438613439633765623166363462363332333937326262393135333863306135313465
37343739313431333565383363333733626464366536383135343838666132313234643536633538
66323362663537656136346333646439393736316463643933376333626266313439613666616663
39316234366563613536656166393866623065303837316331333666316439326438336138353364
61356663656139396539646338393433376139623163343234346264666463336435316237653330
66373031333035396135626666306362353661663438316235646639323138643863386435303338
66313133393766363364366262643262623934343438353663663331303833356630333661376234
39323963313136613332626161306636663061356138303966356538646133323537316539363133
31656638303031393763336238346135333465333032343435336335666166366539653233663433
32393461643761636162353763313935623466633861353736353733653431366262323333333863
30383561303161646636666431316338373330623164626266326163333865333664653164396231
33613961646436323665363961633434636164313534326635386233373931336266663636383332
30633739623663636330343163303735663330343538666636386438623737663130386234386365
31613530376565623662306337663461396131333331336463363637336263333566633763343336
32386163343036396432316461346262653432353239613631643136666336343130396663623563
64336464356562616564636237663066633138306535373435356435623033363335666631313436
64643138363931353138376137383964396438303539613966636534306535373664616431333636
32326433393463653238373464303530646666353462306637336661353363383330303831633936
34646261316366336661663939666466303736643937393738363039653038626232323132323737
37373961393737373765643837323266623437386235663061303366313830326333626463383037
64343263333435613661656564356364656432336331393438666338376161343332343961633338
39396532613437343063316237646636333966633233383639323961613033363132353939313562
64323835343462313637653766663864363630336435313465353830323262303430356434353238
62623536363732333730373832346435643337633161343230313732666364386462613533646630
38393439336661626339336238656239393266646263643131373561333964653632633136326262
34376231393765396235363265363033626663316464333538373935616331346264663538373335
34653132646166376435396362633037346361306562343466343733636433656365663837343965
35373466613931616230356663393136646430336535613161393330383436366465393739333839
64363838633937366538346133333433656230383732386162366665616538343466336230373833
65376234646236333337643037653462333262643138383337646134386464393931303363613139
64343335343364633565316663353738613737313065313232376633363935653566353337346432
30393430393366393639343030383561613234626238656337396438663463623664343161613638
64636162386234316666633262346130666234616366303531346138626433633830643861363636
66616264346631643664616434383862306531343532663465643938653038653630346130346336
39386632396538663662643862303937323630353632383331303633626632313332396533343435
66636466626361323930653963383136626637343431653636633436393832653333626664383230
61656136663831366338333033663239393635326136653562306361396462393863303366636435
33636434666137363332363637303535386539616565663239663634386637353965333933643163
34333266636639326630623137643433646433303430623635303666373433393939316362333638
32323065386330363666666663346632366331323232373766623637643731616433353361646237
30386565623733613038323337316264386137363761636436326562373731623732366232623738
37343761396363333335383662653262626363333563656636343733313065313738636564346261
39663666633132663062623337323537366631363035303563623933313333396263393630343434
61626632386662393764393163386534323330646362663832393036633033343134326362623936
30356535633964643038633338656666363035333436333734353161616166343736613632306338
66343036613237373430653961356563393538393064383965366162633964616439313438633038
33333366626166623839
